   0.0000000e+00   0.0000000e+00
   1.0000000e-01   0.0000000e+00
   2.0000000e-01   6.4367816e-03
   3.0000000e-01   1.1264368e-02
   4.0000000e-01   1.8620690e-02
   5.0000000e-01   2.8505747e-02
   6.0000000e-01   4.0229885e-02
   7.0000000e-01   5.3103448e-02
   8.0000000e-01   6.8275862e-02
   9.0000000e-01   8.4597701e-02
   1.0000000e+00   1.0390805e-01
   1.1000000e+00   1.2459770e-01
   1.2000000e+00   1.4666667e-01
   1.3000000e+00   1.7011494e-01
   1.5000000e+00   2.2298851e-01
   1.7500000e+00   2.9195402e-01
   2.0000000e+00   3.6781609e-01
   2.2500000e+00   4.5517241e-01
   2.5000000e+00   5.4022989e-01
   2.7500000e+00   6.2758621e-01
   3.0000000e+00   7.1034483e-01
   3.2500000e+00   7.9080460e-01
   3.5000000e+00   8.6206897e-01
   3.7500000e+00   9.1954023e-01
   4.0000000e+00   9.6321839e-01
   4.2500000e+00   9.8850575e-01
   4.5000000e+00   1.0000000e+00
